[header]
width=32
height=32
tilewidth=32
tileheight=32
orientation=orthogonal

[tilesets]
tileset=JnRTiles.png,32,32,0,0
tileset=george_0.png,48,48,0,0

[layer]
type=Tile Layer 1
data=
16,10,10,10,10,10,10,10,10,10,10,10,10,10,10,10,10,10,10,10,10,10,10,10,10,10,10,10,10,10,10,10,
16,0,0,0,0,0,0,0,0,0,0,0,0,0,0,0,0,0,0,0,0,0,0,0,0,0,0,0,0,0,0,8,
16,0,0,0,0,0,0,0,0,0,0,0,0,0,0,0,0,0,0,0,0,0,0,0,0,0,0,0,0,0,0,8,
16,0,0,0,0,0,0,0,0,0,0,0,0,0,0,0,0,0,0,0,0,0,0,0,0,0,0,0,0,0,0,8,
16,0,0,0,0,0,0,0,0,0,0,0,0,0,0,0,0,0,0,0,0,0,0,0,0,0,0,0,0,0,0,8,
16,12,12,12,9,0,0,0,0,0,0,0,0,0,0,0,0,0,0,0,0,0,0,0,0,0,0,0,0,0,0,8,
16,0,0,0,0,0,0,0,0,0,0,0,0,0,0,0,0,0,0,0,0,0,0,0,0,0,0,0,0,0,0,8,
16,0,0,0,0,14,14,14,0,0,0,0,0,0,0,0,0,0,0,0,0,0,0,0,0,0,0,0,0,0,0,8,
16,0,0,0,0,14,14,14,0,0,0,0,0,0,0,0,0,0,0,0,0,0,0,0,0,0,0,0,0,0,0,8,
16,0,0,0,0,14,14,14,14,0,0,0,0,0,0,0,0,0,0,0,0,0,0,0,0,0,0,0,0,0,0,8,
16,0,0,0,0,14,14,14,14,0,0,0,0,0,0,0,0,0,0,0,0,0,0,0,0,0,0,0,0,0,0,8,
16,0,0,0,0,0,0,14,14,14,0,0,0,0,0,0,0,0,0,0,0,0,0,0,0,0,0,0,0,0,0,8,
16,0,0,0,0,0,0,0,0,0,0,0,8,8,0,8,0,0,0,0,0,0,0,0,0,0,0,0,0,0,0,8,
16,0,0,0,0,0,0,0,0,0,0,8,0,0,0,0,8,0,0,0,0,0,0,0,0,0,0,0,0,0,0,8,
16,0,0,0,0,0,0,0,0,0,8,0,0,0,0,0,0,8,0,0,0,0,0,0,0,0,0,0,0,0,0,8,
16,0,0,0,0,0,0,0,0,0,8,0,0,0,0,0,0,8,12,12,0,0,0,0,0,0,0,0,0,0,0,8,
16,0,0,0,0,0,0,0,0,0,8,0,0,0,0,0,0,8,0,0,0,0,0,0,0,0,0,0,0,0,0,8,
16,0,0,0,0,0,0,0,0,0,2,0,0,0,0,0,0,10,0,12,12,0,0,0,0,0,0,0,0,0,0,8,
16,0,0,0,0,0,0,0,0,0,0,2,0,0,0,0,10,0,0,0,0,0,0,0,0,0,0,0,0,0,0,8,
16,0,0,0,0,0,0,0,0,0,0,0,2,0,8,10,0,0,0,0,12,12,12,0,0,0,0,0,0,0,0,8,
16,0,0,0,0,0,0,0,0,0,0,0,0,0,0,0,0,0,0,0,0,0,0,0,0,0,0,0,0,0,0,8,
16,0,0,0,0,0,0,0,0,0,0,0,0,0,0,0,0,0,0,0,0,0,0,12,12,12,0,0,0,0,0,8,
16,0,0,0,0,0,0,0,0,0,0,0,0,0,0,0,0,0,0,0,0,0,0,0,0,0,0,0,0,0,0,8,
16,0,0,12,12,0,0,0,0,0,0,0,0,0,0,0,0,0,0,0,0,0,0,0,0,0,12,12,0,0,0,8,
16,0,0,12,12,0,0,0,0,0,0,0,0,0,0,0,0,0,0,0,0,0,0,0,0,0,0,0,0,0,0,8,
16,0,0,0,0,0,0,0,0,0,0,0,0,0,0,0,0,0,0,0,0,0,0,0,0,0,0,0,14,0,0,8,
16,0,0,0,0,0,0,0,0,0,0,0,0,0,0,0,0,0,0,0,0,0,0,0,0,0,0,0,0,0,0,8,
16,13,13,13,0,0,0,0,0,0,0,0,0,0,0,0,0,0,0,0,0,0,0,0,0,0,0,0,0,3,8,8,
16,0,0,0,0,0,0,0,0,17,17,0,0,0,0,0,0,0,0,0,0,0,0,0,0,0,0,0,0,0,0,8,
16,0,0,0,0,0,0,17,17,1,1,0,0,0,0,0,0,0,0,0,0,0,0,0,0,0,3,9,0,0,0,8,
16,1,1,1,1,1,1,1,1,1,1,1,1,1,1,1,1,1,1,1,13,13,13,13,0,0,0,0,0,13,13,8,
1,1,1,1,1,1,1,1,1,1,1,1,1,16,16,16,16,16,16,16,16,16,16,10,0,0,0,0,0,3,1,1

[Object Layer]
# player
type=player
location=4,29,1,1

[Object Layer]
# coin
type=coin
location=13,27,1,1

[Object Layer]
# coin
type=coin
location=12,12,1,1

[Object Layer]
# coin
type=coin
location=14,19,1,1

[Object Layer]
# coin
type=coin
location=3,4,1,1

